5.1 6830.19
5.10201 6827.25
5.10401 6825.75
5.10602 6825.81
5.10803 6827.52
5.11003 6830.98
5.11204 6836.29
5.11405 6843.47
5.11605 6852.47
5.11806 6863.22
5.12007 6875.66
5.12207 6889.72
5.12408 6905.36
5.12609 6922.49
5.12809 6941.08
5.1301 6961.04
5.13211 6982.32
5.13411 7004.86
5.13612 7028.59
5.13813 7053.46
5.14013 7079.39
5.14214 7106.34
5.14415 7134.23
5.14615 7163.01
5.14816 7192.61
5.15017 7222.98
5.15217 7254.04
5.15418 7285.74
5.15619 7318.02
5.15819 7350.81
5.1602 7384.05
5.16221 7417.68
5.16421 7451.64
5.16622 7485.87
5.16823 7520.3
5.17023 7554.87
5.17224 7589.52
5.17425 7624.19
5.17625 7658.82
5.17826 7693.34
5.18027 7727.69
5.18227 7761.82
5.18428 7795.65
5.18629 7829.13
5.18829 7862.19
5.1903 7894.78
5.19231 7926.83
5.19431 7958.28
5.19632 7989.06
5.19833 8019.12
5.20033 8048.39
5.20234 8076.82
5.20435 8104.33
5.20635 8130.87
5.20836 8156.38
5.21037 8180.78
5.21237 8204.04
5.21438 8226.07
5.21639 8246.81
5.21839 8266.22
5.2204 8284.22
5.22241 8300.75
5.22441 8315.77
5.22642 8329.33
5.22843 8341.47
5.23043 8352.25
5.23244 8361.71
5.23445 8369.92
5.23645 8376.92
5.23846 8382.76
5.24047 8387.5
5.24247 8391.19
5.24448 8393.87
5.24649 8395.61
5.24849 8396.45
5.2505 8396.45
5.25251 8395.66
5.25452 8394.12
5.25652 8391.9
5.25853 8389.04
5.26054 8385.6
5.26254 8381.62
5.26455 8377.17
5.26656 8372.28
5.26856 8367.02
5.27057 8361.43
5.27258 8355.57
5.27458 8349.49
5.27659 8343.24
5.2786 8336.87
5.2806 8330.44
5.28261 8324
5.28462 8317.59
5.28662 8311.28
5.28863 8305.1
5.29064 8299.13
5.29264 8293.39
5.29465 8287.96
5.29666 8282.88
5.29866 8278.2
5.30067 8273.97
5.30268 8270.25
5.30468 8267.09
5.30669 8264.54
5.3087 8262.65
5.3107 8261.48
5.31271 8261.07
5.31472 8261.48
5.31672 8262.76
5.31873 8264.96
5.32074 8268.13
5.32274 8272.33
5.32475 8277.61
5.32676 8284.02
5.32876 8291.61
5.33077 8300.43
5.33278 8310.54
5.33478 8321.97
5.33679 8334.73
5.3388 8348.76
5.3408 8364.01
5.34281 8380.44
5.34482 8397.99
5.34682 8416.63
5.34883 8436.3
5.35084 8456.97
5.35284 8478.57
5.35485 8501.06
5.35686 8524.41
5.35886 8548.55
5.36087 8573.44
5.36288 8599.04
5.36488 8625.3
5.36689 8652.17
5.3689 8679.61
5.3709 8707.56
5.37291 8735.98
5.37492 8764.82
5.37692 8794.04
5.37893 8823.58
5.38094 8853.41
5.38294 8883.47
5.38495 8913.72
5.38696 8944.11
5.38896 8974.59
5.39097 9005.12
5.39298 9035.64
5.39498 9066.12
5.39699 9096.5
5.399 9126.74
5.401 9156.79
5.40301 9186.6
5.40502 9216.13
5.40702 9245.33
5.40903 9274.14
5.41104 9302.54
5.41304 9330.46
5.41505 9357.86
5.41706 9384.69
5.41906 9410.91
5.42107 9436.47
5.42308 9461.32
5.42508 9485.42
5.42709 9508.71
5.4291 9531.15
5.4311 9552.7
5.43311 9573.3
5.43512 9592.92
5.43712 9611.49
5.43913 9628.98
5.44114 9645.34
5.44314 9660.52
5.44515 9674.47
5.44716 9687.19
5.44916 9698.71
5.45117 9709.07
5.45318 9718.33
5.45518 9726.53
5.45719 9733.71
5.4592 9739.92
5.4612 9745.2
5.46321 9749.6
5.46522 9753.16
5.46722 9755.92
5.46923 9757.94
5.47124 9759.25
5.47324 9759.9
5.47525 9759.94
5.47726 9759.41
5.47926 9758.35
5.48127 9756.82
5.48328 9754.84
5.48528 9752.48
5.48729 9749.77
5.4893 9746.76
5.4913 9743.49
5.49331 9740.01
5.49532 9736.36
5.49732 9732.59
5.49933 9728.74
5.50134 9724.86
5.50334 9720.99
5.50535 9717.18
5.50736 9713.47
5.50936 9709.91
5.51137 9706.53
5.51338 9703.39
5.51538 9700.54
5.51739 9698
5.5194 9695.84
5.5214 9694.09
5.52341 9692.8
5.52542 9692.02
5.52742 9691.78
5.52943 9692.14
5.53144 9693.13
5.53344 9694.81
5.53545 9697.22
5.53746 9700.4
5.53946 9704.39
5.54147 9709.25
5.54348 9715.02
5.54548 9721.73
5.54749 9729.45
5.5495 9738.2
5.55151 9748.04
5.55351 9759.01
5.55552 9771.16
5.55753 9784.51
5.55953 9799.04
5.56154 9814.72
5.56355 9831.49
5.56555 9849.33
5.56756 9868.19
5.56957 9888.03
5.57157 9908.81
5.57358 9930.49
5.57559 9953.04
5.57759 9976.4
5.5796 10000.5
5.58161 10025.4
5.58361 10051
5.58562 10077.3
5.58763 10104.1
5.58963 10131.6
5.59164 10159.6
5.59365 10188
5.59565 10217
5.59766 10246.4
5.59967 10276.1
5.60167 10306.2
5.60368 10336.6
5.60569 10367.2
5.60769 10398.1
5.6097 10429.1
5.61171 10460.3
5.61371 10491.6
5.61572 10522.9
5.61773 10554.3
5.61973 10585.6
5.62174 10616.9
5.62375 10648.1
5.62575 10679.1
5.62776 10709.9
5.62977 10740.6
5.63177 10770.9
5.63378 10801
5.63579 10830.7
5.63779 10860.1
5.6398 10889
5.64181 10917.4
5.64381 10945.4
5.64582 10972.8
5.64783 10999.6
5.64983 11025.8
5.65184 11051.4
5.65385 11076.2
5.65585 11100.3
5.65786 11123.6
5.65987 11146.1
5.66187 11167.8
5.66388 11188.5
5.66589 11208.3
5.66789 11227.1
5.6699 11244.9
5.67191 11261.8
5.67391 11277.7
5.67592 11292.8
5.67793 11307.1
5.67993 11320.6
5.68194 11333.3
5.68395 11345.2
5.68595 11356.5
5.68796 11367.1
5.68997 11377.1
5.69197 11386.5
5.69398 11395.3
5.69599 11403.6
5.69799 11411.4
5.7 11418.8
